name: null
channels:
  - jmcmurray
  - conda-forge
  - defaults
dependencies:
  - absl-py=0.9.0=py36_0
  - backports=1.0=py_2
  - backports.weakref=1.0rc1=py36_1
  - bleach=1.5.0=py36_0
  - blinker=1.4=py_1
  - brotlipy=0.7.0=py36h8c4c3a4_1000
  - cffi=1.11.5=py36_0
  - chardet=3.0.4=py36h9f0ad1d_1006
  - cryptography=2.9.2=py36h45558ae_0
  - cycler=0.10.0=py_2
  - html5lib=0.9999999=py36_0
  - importlib-metadata=1.6.1=py36h9f0ad1d_0
  - kiwisolver=1.2.0=py36hdb11119_0
  - markdown=3.2.2=py_0
  - mkl_fft=1.0.10=py36_0
  - mkl_random=1.1.1=py36h830a2c2_0
  - mock=4.0.2=py36h9f0ad1d_0
  - nibabel=3.1.0=py_0
  - packaging=20.4=pyh9f0ad1d_0
  - pickle5=0.0.10=py36h8c4c3a4_0
  - pip=20.1.1=py_1
  - protobuf=3.11.4=py36h831f99a_1
  - pydicom=2.0.0=pyh9f0ad1d_0
  - pyjwt=1.7.1=py_0
  - pyopenssl=19.1.0=py_1
  - pyqt=5.9.2=py36hcca6a23_4
  - pysocks=1.7.1=py36h9f0ad1d_1
  - python_abi=3.6=1_cp36m
  - requests=2.23.0=pyh8c360ce_2
  - setuptools=47.1.1=py36h9f0ad1d_0
  - sip=4.19.8=py36hf484d3e_1000
  - termcolor=1.1.0=py_2
  - time=1.8=h516909a_0
  - tornado=6.0.4=py36h8c4c3a4_1
  - urllib3=1.25.9=py_0
  - webencodings=0.5.1=py_1
  - wheel=0.34.2=py_1
  - wrapt=1.12.1=py36h8c4c3a4_1
  - zipp=3.1.0=py_0
  - _libgcc_mutex=0.1=main
  - _tflow_select=2.1.0=gpu
  - astunparse=1.6.3=py_0
  - blas=1.0=mkl
  - c-ares=1.15.0=h7b6447c_1001
  - ca-certificates=2020.6.24=0
  - cachetools=3.1.1=py_0
  - certifi=2020.6.20=py36_0
  - click=7.1.2=py_0
  - cudatoolkit=10.1.243=h6bb024c_0
  - cudnn=7.6.5=cuda10.1_0
  - cupti=10.1.168=0
  - dbus=1.13.14=hb2f20db_0
  - expat=2.2.6=he6710b0_0
  - fontconfig=2.13.0=h9420a91_0
  - freetype=2.9.1=h8a8886c_1
  - gast=0.3.3=py_0
  - glib=2.63.1=h3eb4bd4_1
  - google-auth=1.14.1=py_0
  - google-auth-oauthlib=0.4.1=py_2
  - google-pasta=0.2.0=py_0
  - grpcio=1.27.2=py36hf8bcb03_0
  - gst-plugins-base=1.14.0=hbbd80ab_1
  - gstreamer=1.14.0=hb31296c_0
  - h5py=2.10.0=py36h7918eee_0
  - hdf5=1.10.4=hb1b8bf9_0
  - icu=58.2=he6710b0_3
  - idna=2.9=py_1
  - intel-openmp=2020.1=217
  - jpeg=9b=h024ee3a_2
  - keras-preprocessing=1.1.0=py_1
  - ld_impl_linux-64=2.33.1=h53a641e_7
  - libedit=3.1.20181209=hc058e9b_0
  - libffi=3.3=he6710b0_1
  - libgcc-ng=9.1.0=hdf63c60_0
  - libgfortran-ng=7.3.0=hdf63c60_0
  - libpng=1.6.37=hbc83047_0
  - libprotobuf=3.11.4=hd408876_0
  - libstdcxx-ng=9.1.0=hdf63c60_0
  - libuuid=1.0.3=h1bed415_2
  - libxcb=1.13=h1bed415_1
  - libxml2=2.9.9=hea5a465_1
  - matplotlib=3.1.3=py36_0
  - matplotlib-base=3.1.3=py36hef1b27d_0
  - mkl=2020.1=217
  - mkl-service=2.3.0=py36he904b0f_0
  - ncurses=6.2=he6710b0_1
  - numpy=1.18.1=py36h4f9e942_0
  - numpy-base=1.18.1=py36hde5b4d6_1
  - oauthlib=3.1.0=py_0
  - openssl=1.1.1g=h7b6447c_0
  - opt_einsum=3.1.0=py_0
  - pcre=8.43=he6710b0_0
  - pyasn1=0.4.8=py_0
  - pyasn1-modules=0.2.7=py_0
  - pycparser=2.20=py_0
  - pyparsing=2.4.7=py_0
  - python=3.6.10=h7579374_2
  - python-dateutil=2.8.1=py_0
  - qt=5.9.7=h5867ecd_1
  - readline=8.0=h7b6447c_0
  - requests-oauthlib=1.3.0=py_0
  - rsa=4.0=py_0
  - scipy=1.4.1=py36h0b6359f_0
  - six=1.15.0=py_0
  - sqlite=3.31.1=h62c20be_1
  - tensorboard=2.2.1=pyh532a8cf_0
  - tensorboard-plugin-wit=1.6.0=py_0
  - tensorflow=2.2.0=gpu_py36hf933387_0
  - tensorflow-base=2.2.0=gpu_py36h8a81be8_0
  - tensorflow-estimator=2.2.0=pyh208ff02_0
  - tensorflow-gpu=2.2.0=h0d30ee6_0
  - tk=8.6.8=hbc83047_0
  - werkzeug=1.0.1=py_0
  - xz=5.2.5=h7b6447c_0
  - zlib=1.2.11=h7b6447c_3
  - json=0.1.1=0
  - qutil=3.2.1=6
prefix: /scratch/cc6580/share/inversion_example/inversion_env

